A	B	C	D	a	b	c	d	e	f	g	x
0	0	0	0	1	1	1	1	1	1	0	0
0	0	0	1	0	1	1	0	0	0	0	1
0	0	1	0	1	1	0	1	1	0	1	2
0	0	1	1	1	1	1	1	0	0	1	3
0	1	0	0	0	1	1	0	0	1	1	4	
0	1	0	1	1	0	1	1	0	1	1	5
0	1	1	0	1	0	1	1	1	1	1	6
0	1	1	1	1	1	1	0	0	0	0	7
1	0	0	0	1	1	1	1	1	1	1	8
1	0	0	1	1	1	1	1	0	1	1	9
1	0	1	0	1	1	1	0	1	1	1	10
1	0	1	1	0	0	1	1	1	1	1	11
1	1	0	0	1	0	0	1	1	1	0	12
1	1	0	1	0	1	1	1	1	0	1	13
1	1	1	0	1	0	0	1	1	1	1	14
1	1	1	1	1	0	0	0	1	1	1	15

a = 1(A+B+C+!D) . 4(A+!B+C+D) . 11(!A+B+!C+!D) . 13(!A+!B+C+!D)

b = 5(A+!B+C+!D) . 6(A+!B+!C+D) . 11(!A+B+!C+!D) . 12(!A+!B+C+D) . 14(!A+!B+!C+D) . 15(!A+!B+!C+!D)

c = 2(A+B+!C+D) . 12(!A+!B+C+D) . 14(!A+!B+!C+D) . 15(!A+!B+!C+!D)

d = 1(A+B+C+!D) . 4(A+!B+C+D) . 7(A+!B+!C+!D) . 10(!A+B+!C+D) . 15(!A+!B+!C+!D)

e = 1(A+B+C+!D) . 3(A+B+!C+!D) . 4(A+!B+C+D) . 5(A+!B+C+!D) . 7(A+!B+!C+!D) . 9(!A+B+C+!D)

f = 1(A+B+C+!D) . 2(A+B+!C+D) . 3(A+B+!C+!D) . 7(A+!B+!C+!D) . 13(!A+!B+C+!D)

g = 0(A+B+C+D) . 1(A+B+C+!D) . 7(A+!B+!C+!D) . 12(!A+!B+C+D)


